4294967278,98
4294967278,93
4294967278,87
4294967278,82
4294967278,75
4294967278,69
4294967278,63
4294967278,57
4294967278,52
4294967278,47
4294967279,104
4294967279,66
4294967279,56
4294967279,47
4294967279,36
4294967279,31
4294967293,131
4294967293,130
4294967293,129
4294967293,128
4294967293,127
4294967293,126
4294967293,125
4294967293,124
4294967293,123
4294967293,122
4294967293,121
4294967293,120
4294967293,119
4294967293,118
4294967293,117
4294967293,116
4294967293,115
4294967293,114
4294967293,113
4294967293,112
4294967293,111
4294967293,110
4294967293,109
4294967293,108
4294967293,107
4294967293,106
4294967293,105
4294967293,104
4294967293,103
4294967293,102
4294967293,101
4294967293,100
4294967293,99
4294967293,98
4294967293,97
4294967293,96
4294967293,95
4294967293,94
4294967293,93
4294967293,92
4294967293,91
4294967293,90
4294967293,89
4294967293,87
4294967293,86
4294967293,85
4294967293,84
4294967293,83
4294967293,82
4294967293,81
4294967293,80
4294967293,79
4294967293,78
4294967293,77
4294967293,76
4294967293,75
4294967293,74
4294967293,73
4294967293,72
4294967293,71
4294967293,70
4294967293,69
4294967293,68
4294967293,67
4294967293,66
4294967293,65
4294967293,64
4294967293,63
4294967293,62
4294967293,61
4294967293,60
4294967293,59
4294967293,58
4294967293,57
4294967293,56
4294967293,55
4294967293,54
4294967293,53
4294967293,52
4294967293,51
4294967293,50
4294967293,49
4294967293,48
4294967293,47
4294967293,46
4294967293,45
4294967293,44
4294967293,43
4294967293,42
4294967293,41
4294967293,40
4294967293,39
4294967293,38
4294967293,37
4294967293,36
4294967293,35
4294967293,34
4294967293,33
4294967293,32
4294967293,31
4294967293,30
4294967293,29
4294967293,28
4294967293,27
4294967293,26
4294967293,25
4294967293,24
4294967293,23
4294967293,22
4294967293,21
4294967293,20
4294967293,19
4294967293,18
4294967293,17
4294967293,16
4294967293,15
4294967293,14
4294967293,13
4294967293,12
4294967293,11
4294967293,10
4294967293,9
4294967293,8
4294967293,7
4294967293,6
4294967293,5
4294967293,4
4294967293,3
4294967278,96
4294967278,92
4294967278,89
4294967278,85
4294967278,550
4294967278,545
4294967278,77
4294967278,345
4294967278,539
4294967278,71
4294967278,516
4294967278,67
4294967278,515
4294967278,66
4294967278,62
4294967278,534
4294967278,61
4294967278,310
4294967278,56
4294967278,531
4294967278,51
4294967278,521
4294967278,46
4294967278,42
4294967278,36
4294967278,31
4294967278,26
4294967278,88
4294967278,6
4294967278,5
4294967278,543
4294967278,0
4294967278,260
4294967278,4
4294967279,132
4294967279,131
4294967279,130
4294967279,129
4294967279,128
4294967279,127
4294967279,126
4294967279,125
4294967279,124
4294967279,123
4294967279,121
4294967279,120
4294967279,119
4294967279,231
4294967279,110
4294967279,103
4294967279,401
4294967279,97
4294967279,346
4294967279,96
4294967279,95
4294967279,94
4294967279,93
4294967279,92
4294967279,90
4294967279,89
4294967279,86
4294967279,85
4294967279,84
4294967279,83
4294967279,82
4294967279,81
4294967279,80
4294967279,79
4294967279,400
4294967279,78
4294967279,77
4294967279,76
4294967279,75
4294967279,74
4294967279,326
4294967279,73
4294967279,72
4294967279,71
4294967279,70
4294967279,69
4294967279,339
4294967279,68
4294967279,67
4294967279,65
4294967279,64
4294967279,63
4294967279,62
4294967279,61
4294967279,60
4294967279,59
4294967279,336
4294967279,58
4294967279,57
4294967279,54
4294967279,53
4294967279,52
4294967279,51
4294967279,42
4294967279,38
4294967279,27
4294967279,26
4294967279,18
4294967279,7
4294967279,6
4294967279,5
4294967279,174
4294967279,0
4294967279,4
4294967294,187
4294967294,1743
4294967294,1742
4294967278,313
4294967294,129
4294967294,178
4294967294,1739
4294967294,501
4294967294,152
4294967294,984
4294967294,82
4294967294,91
4294967294,88
4294967294,87
4294967294,935
4294967294,934
4294967294,933
4294967294,668
4294967294,925
4294967294,924
4294967294,1741
4294967294,920
4294967294,917
4294967294,915
4294967294,893
4294967294,889
4294967294,877
4294967294,852
4294967294,661
4294967294,848
4294967294,846
4294967294,844
4294967294,843
4294967294,842
4294967294,840
4294967294,837
4294967294,827
4294967294,825
4294967294,821
1,0
4294967294,820
4294967294,819
4294967294,818
4294967294,808
4294967294,807
4294967294,806
4294967294,805
4294967294,803
4294967294,800
4294967294,797
4294967294,795
4294967294,794
4294967294,788
4294967294,499
4294967294,787
4294967294,786
4294967294,0
4294967294,780
4294967294,500
4294967294,775
4294967294,654
4294967294,761
4294967294,756
4294967294,753
4294967294,752
4294967294,746
4294967294,743
4294967294,1134
4294967294,715
4294967294,713
4294967294,712
4294967294,638
4294967294,637
4294967294,624
4294967294,623
4294967294,622
4294967294,621
4294967294,620
4294967294,1440
4294967294,602
4294967294,601
4294967294,599
4294967294,2346
4294967294,1735
4294967294,588
4294967294,587
4294967294,586
4294967294,583
4294967294,153
4294967294,577
4294967294,571
4294967294,2341
4294967294,569
4294967294,568
4294967294,1626
4294967294,167
4294967294,430
4294967294,557
4294967294,1128
4294967294,1625
4294967294,393
4294967294,1141
4294967294,1733
4294967294,1441
4294967294,1624
4294967294,1730
4294967294,1623
4294967294,1622
4294967294,1621
4294967294,2354
4294967294,1620
4294967294,1728
4294967294,1619
4294967294,1618
4294967294,1617
4294967294,1616
4294967294,1615
4294967294,1445
4294967294,1136
4294967294,1140
4294967294,1417
4294967294,982
4294967294,1133
4294967294,1729
4294967294,1669
4294967294,1613
4294967294,1121
4294967294,1091
4294967294,1131
4294967294,1681
4294967294,1612
4294967294,1690
4294967294,1611
4294967294,1677
4294967294,221
4294967294,1610
4294967294,1688
4294967294,1609
4294967294,1682
4294967294,1683
4294967294,1686
4294967294,1687
4294967294,1608
4294967294,1664
4294967294,1607
4294967294,1680
4294967294,1470
4294967294,1606
4294967294,127
4294967294,1672
4294967294,1678
4294967294,1679
4294967294,1604
4294967294,1471
4294967294,1603
4294967294,1461
4294967294,506
4294967294,1602
4294967294,515
4294967294,1456
4294967294,1601
4294967294,1467
4294967294,1600
4294967294,1460
4294967294,454
4294967294,126
4294967294,427
4294967294,998
4294967294,1665
4294967294,1666
4294967294,425
4294967294,409
4294967294,1667
4294967294,445
4294967294,446
4294967294,392
4294967294,2356
4294967294,1469
4294967294,1468
4294967294,1463
4294967294,1464
4294967294,537
4294967294,471
4294967294,536
4294967294,2360
4294967294,1457
4294967294,444
4294967294,1453
4294967294,1418
4294967294,529
4294967294,432
4294967294,1685
4294967294,66
4294967294,65
4294967294,64
4294967294,63
4294967294,62
4294967294,146
4294967294,125
4294967294,1137
4294967294,1099
4294967294,1526
4294967294,1525
4294967294,1524
4294967294,1523
4294967294,1522
4294967294,1520
4294967294,1521
4294967294,1519
4294967294,1518
4294967294,1517
4294967294,1516
4294967294,1515
4294967294,1514
4294967294,1513
4294967294,1512
4294967294,1511
4294967294,1510
4294967294,1423
4294967278,304
4294967279,399
4294967279,217
4294967278,342
4294967279,398
4294967279,394
4294967278,343
4294967278,340
4294967278,339
4294967279,397
4294967279,393
4294967278,338
4294967278,337
4294967278,336
4294967278,335
4294967278,344
4294967278,341
4294967279,392
4294967279,395
4294967294,1421
4294967294,452
4294967294,1736
4294967294,418
4294967294,448
4294967294,1411
4294967294,422
4294967294,398
4294967294,405
4294967294,404
4294967294,397
4294967294,406
4294967294,400
4294967294,410
4294967294,413
4294967294,415
4294967294,451
4294967294,450
4294967294,407
4294967294,420
4294967294,461
4294967294,181
4294967294,385
4294967294,184
4294967294,419
4294967294,399
4294967294,1117
4294967294,424
4294967294,1415
4294967294,401
4294967294,169
4294967294,188
4294967294,185
4294967294,1450
4294967294,177
4294967294,182
4294967294,205
4294967294,206
4294967294,203
4294967294,202
4294967294,204
4294967294,174
4294967294,172
4294967294,171
4294967294,183
4294967294,189
4294967294,173
4294967294,170
4294967294,1509
4294967294,1508
4294967294,1507
4294967294,1506
4294967294,1505
4294967294,1503
4294967294,1504
4294967294,1502
4294967294,1501
4294967294,1500
4294967294,1499
4294967294,1498
4294967294,1497
4294967294,1496
4294967294,1495
4294967294,1494
4294967294,1493
4294967294,186
4294967294,164
4294967294,160
4294967294,179
4294967294,394
4294967294,163
4294967294,190
4294967294,389
4294967294,119
4294967294,388
4294967294,1130
4294967294,1129
4294967294,84
4294967294,120
4294967294,1492
4294967294,1491
4294967294,1490
4294967294,1489
4294967294,1488
4294967294,1486
4294967294,1487
4294967294,1485
4294967294,1484
4294967294,1483
4294967294,1482
4294967294,1481
4294967294,1480
4294967294,1479
4294967294,1478
4294967294,1477
4294967294,1476
4294967294,200
4294967294,1475
4294967294,1474
4294967294,1473
4294967294,1472
4294967294,383
4294967294,381
4294967294,382
4294967294,380
4294967294,379
4294967294,378
4294967294,377
4294967294,376
4294967294,375
4294967294,374
4294967294,373
4294967294,372
4294967294,371
4294967294,370
4294967294,369
4294967294,368
4294967294,367
4294967294,366
4294967294,364
4294967294,365
4294967294,363
4294967294,362
4294967294,361
4294967294,360
4294967294,359
4294967294,358
4294967294,357
4294967294,356
4294967294,355
4294967294,354
4294967294,353
4294967294,1420
4294967294,352
4294967294,351
4294967294,350
4294967294,349
4294967294,347
4294967294,348
4294967294,329
4294967294,328
4294967294,327
4294967294,326
4294967294,325
4294967294,324
4294967294,323
4294967294,322
4294967294,321
4294967294,320
4294967294,346
4294967294,345
4294967294,344
4294967294,343
4294967294,342
4294967294,340
4294967294,341
4294967294,339
4294967294,338
4294967294,337
4294967294,336
4294967294,335
4294967294,334
4294967294,1419
4294967294,333
4294967294,18
4294967294,332
4294967294,331
4294967294,19
4294967294,13
4294967294,330
4294967294,31
4294967294,36
4294967294,39
4294967294,165
4294967294,535
4294967294,1120
4294967294,1674
4294967294,971
4294967294,1125
4294967294,508
4294967294,85
4294967279,251
4294967279,285
4294967279,396
4294967279,277
4294967279,383
4294967279,381
4294967279,254
4294967279,379
4294967279,253
4294967279,378
4294967279,377
4294967279,376
4294967279,375
4294967279,373
4294967279,372
4294967279,247
4294967279,229
4294967279,368
4294967278,566
4294967279,367
4294967279,366
4294967279,365
4294967278,563
4294967279,361
4294967278,559
4294967279,360
4294967279,358
4294967278,556
4294967279,355
4294967278,553
4294967279,354
4294967279,352
4294967279,350
4294967279,349
4294967279,347
4294967279,345
4294967279,342
4294967278,518
4294967279,340
4294967279,325
4294967279,324
4294967279,323
4294967279,317
4294967279,316
4294967279,315
4294967279,314
4294967279,313
4294967279,312
4294967279,337
4294967279,330
4294967278,307
4294967279,333
4294967279,294
4294967278,289
4294967278,318
4294967279,320
4294967278,300
4294967279,138
4294967279,279
4294967278,526
4294967278,525
4294967278,524
4294967278,315
4294967278,283
4294967279,257
4294967278,523
4294967278,522
4294967279,275
4294967279,122
4294967279,374
4294967294,59
4294967294,58
4243767290,0
4294967278,250
4294967294,228
4294967279,249
4294967294,1659
4294967294,227
4294967294,226
4294967278,248
4294967294,225
4294967279,248
4294967278,246
4294967294,224
4294967279,246
4294967294,107
4294967294,29
4294967294,28
4294967294,27
